acc = 0.7408695652173913
acc_and_f1 = 0.7781937590841393
eval_loss = 0.5879065336107656
f1 = 0.8155179529508874
global_step = 2040
loss = 0.3835495433532724
