eval_accuracy = 0.7351794461661502
eval_loss = 1.222212400498817
global_step = 18388
loss = 0.09396776661584202
